1,2.8098337609768262,30.00028935185185,0.0
16,12.036362267915344,9.190300925925927,0.3804817117147176
7,12.654799335598625,3.160925925925926,0.38050766682142073
22,12.868533215259863,22.180729166666666,1.631603023451154
55,12.064557532907976,7.2230439814814815,0.0
91,2.492786061236126,1.129675925925926,0.0
17,12.059813540127248,1.1277893518518518,0.0
45,5.5109619192773796,18.217037037037038,0.0
56,0.6476982560691188,9.256261574074074,0.0
143,0.023846741954367666,7.205949074074074,0.0
124,9.128637691377163,16.86076388888889,0.0
165,10.110642807215564,11.496006944444444,0.0
158,0.620581112678144,20.482997685185186,0.0
157,9.321622759623096,19.865671296296295,44.673865129291215
215,2.720676819070711,8.101851851851852E-5,-0.7638556428810955
86,6.727181130101921,5.926770833333333,0.47400455300022826
193,0.8073549220576041,16.969560185185184,0.0
197,7.601041911080951,5.988402777777778,0.4593536999522758
176,5.7190412863107865,30.911875,0.0
195,2.86459887389208,16.95988425925926,0.0
181,3.797012977836145,27.422141203703703,0.0
9,13.091791044849394,0.059675925925925924,0.8120916109219939
313,1.8364558263700375,22.066041666666667,0.0
366,8.29131969802668,0.30118055555555556,0.4442932837859818
284,14.129436285824843,3.117986111111111,0.3730675117214915
393,1.1699250014423124,9.143217592592592,0.0
265,14.901258962233063,9.107777777777779,0.37329144633643996
283,8.1692591840836,26.06417824074074,0.0
333,0.20163386116965043,18.028877314814814,0.6842492273159455
606,11.411638148355228,1.3812268518518518,0.0
610,1.5149972557533453,29.105543981481482,0.0
615,7.828513572100585,24.318912037037038,0.38450191965069
605,11.207088627669995,2.3941666666666666,0.3820609608787438
616,11.580490148011094,4.532731481481481,0.38058323188632087
701,0.6447533085974924,24.732743055555556,0.0
698,2.621576410837159,25.569409722222222,0.0
887,6.885175590485238,6.055081018518519,0.5298601857572839
721,13.17915118873181,1.846875,1.144057872246848
722,10.828503841336003,22.61412037037037,0.0
746,12.588270655091232,4.8171875,0.0
920,3.527802072716347,1.8243634259259258,0.0
745,9.378708209307954,25.759282407407408,0.4561364621043844
858,11.506503927759685,5.566701388888889,0.45349842793225315
743,12.103225507194253,4.789050925925926,1.6315703954419092
819,11.469727606416324,1.830775462962963,0.0
736,12.336681651468233,8.831469907407408,0.6170371159729772
726,11.450966737045936,15.579652777777778,0.0
768,2.5567086599726383,26.308912037037036,0.0
811,13.424172851280616,13.351828703703704,0.0
1173,11.67615968745172,0.2735763888888889,0.805214648438107
1630,5.1029380217595905,9.483900462962962,0.0
1384,3.081794091163647,26.187256944444446,0.0
1583,8.631641690112646,4.595069444444444,0.7209450126271444
1601,4.554310347195046,11.115636574074074,0.0
1605,5.103127401088213,11.011458333333334,0.0
1228,12.524542591931533,4.43380787037037,1.1655076630927146
1414,11.875161208871598,20.060324074074074,0.0
1309,6.151959772233607,26.30090277777778,0.0
1251,11.377684989912922,15.606157407407407,0.37100426411396226
1448,11.391370392047264,9.464791666666667,0.39593009713482435
1540,14.314349573327867,4.413993055555555,0.0
1405,2.5046278093770806,25.361805555555556,0.0
1698,1.9132883668066691,4.601805555555556,0.0
1234,10.352622356551581,6.236412037037037,0.7202790470127607
1516,3.7505432036137516,18.570925925925927,0.0
1648,2.331192903090559,7.389212962962963,0.0
1324,4.942740105428396,26.411886574074074,0.3798080405052238
1441,13.502268269926628,13.605254629629629,1.2245525172145943
1426,2.455053178126723,24.207511574074076,0.0
1379,15.137271693346094,1.2985648148148148,0.0
1660,0.18057224564182084,6.290162037037037,0.0
1657,4.698587733759384,6.303136574074074,0.0
1403,14.159894294956112,4.475555555555555,0.0
2058,8.223751261069696,5.228148148148148,0.0
1960,2.2957557714793313,30.040335648148147,0.0
1976,6.979472300197886,29.945439814814815,0.0
2070,5.84067851185334,0.18025462962962963,0.0
1997,4.503308138933384,12.299444444444445,0.0
2063,2.2552696740272897,3.4121296296296295,0.0
2254,2.020884324975815,30.509282407407408,0.0
2257,0.09310940439148147,27.199016203703703,0.0
2260,10.878878675242158,4.019629629629629,0.5110295377166519
2273,10.497169904293242,17.16542824074074,0.3821118789044786
2579,1.3785116232537298,16.722025462962964,0.0
2578,3.995484518877507,16.714212962962964,0.0
2559,11.781552741910964,6.15980324074074,0.44652138916882766
2535,13.813290190611477,20.222650462962964,0.3706612716771731
2556,0.09310940439148147,20.488587962962963,0.0
2536,11.097534135574646,14.401203703703704,0.0
2585,3.3315141437165603,14.407534722222222,0.0
2599,2.904494048019155,7.000046296296296,0.0
2563,11.959060041731508,5.4484375,0.0
2611,3.0872704599250147,0.2939351851851852,0.0
2793,2.7423734127629484,13.52087962962963,0.0
2804,6.90086680798075,6.440150462962963,0.0
2749,0.36244638093281567,20.268055555555556,0.0
2773,14.294024767485752,1.4933680555555555,0.0
2783,0.5688428353578793,14.40074074074074,0.0
2728,12.939060713138362,3.529965277777778,0.6530071094309019
2774,10.340245004856088,7.300960648148148,0.7095687056962628
3049,9.781687561507184,21.149872685185183,0.0
2999,7.41342440335087,21.117800925925927,0.0
2916,13.278917313684865,1.5127199074074074,1.133326204288321
3011,11.466332507154055,0.41555555555555557,0.0
3017,12.561805304478266,12.983935185185185,0.0
2923,3.4667264092587415,28.181284722222223,0.0
2958,11.246369268613691,5.587685185185185,0.3784459308947419
2937,13.765850832318725,8.335694444444444,0.0
2918,12.40675608652138,6.0,0.5445351076110343
3238,12.038855232577431,2.1599189814814816,0.0
3207,5.247294613656779,13.370578703703703,0.0
3212,5.381975478557302,13.256782407407407,0.0
3111,2.166422774519011,18.203564814814815,0.0
3316,0.3968901525685844,5.175659722222222,0.0
3068,12.344067716607654,0.29061342592592593,1.7544960665068354
2940,3.851827019760048,27.954872685185187,0.0
3276,6.223824062086076,6.140243055555556,0.451773225070235
3140,8.526767206676121,13.463321759259259,0.0
2921,14.480285568935312,0.4136226851851852,0.5324277166702375
3340,2.0687367660857165,1.4993055555555554,0.501361020141479
3347,8.711980332718559,0.4228703703703704,0.0
3261,10.50989271221659,5.152071759259259,0.4016482144021377
2988,0.6629650127224294,25.171145833333334,0.0
3168,12.799460395604768,9.395277777777778,0.0
3195,1.3017383176920057,13.4790625,0.0
2974,14.75735875480277,7.205173611111111,0.4508726486607664
3018,10.806535766087157,12.966643518518518,0.0
2962,13.936843410270885,16.177210648148147,0.0
3028,1.1966715395928635,22.174270833333335,0.0
2905,1.4080951094285896,30.684178240740742,0.0
3311,0.7369655941662062,5.4469212962962965,0.0
3313,0.5849625007211562,5.445069444444444,0.0
2956,13.939081763609634,16.290300925925926,0.0
2922,4.1001366712854495,28.200520833333332,0.0
3330,10.794339886442613,0.11052083333333333,1.5212385163971998
3355,0.8288094503384382,0.3534143518518518,1.1313103445954962
3999,13.32114256565283,3.339583333333333,0.37648724399316547
4033,4.025324156359868,5.031516203703704,0.0
3997,1.3025627700204314,30.902546296296297,0.0
4021,4.4729836491245605,16.969479166666666,0.0
4150,11.46749940716575,23.18459490740741,0.4412112245900426
4112,9.256759080407306,26.518912037037037,0.0
4092,1.3409120199868727,29.159837962962964,0.0
4079,12.111111615298704,17.421956018518518,0.3755912532422918
4166,12.00533214459593,17.09435185185185,0.0
4163,12.799591932198089,16.32923611111111,0.46779997618661284
4208,1.560714954474479,8.161412037037037,0.0
4100,12.222511393276179,8.394108796296296,0.46211283946985354
4189,12.582334108615719,8.0821875,0.0
4559,3.1614648093662177,11.10644675925926,0.0
4568,7.278294571211809,10.073171296296296,0.0
4558,12.343194939036422,4.159189814814815,0.0
4550,10.537105129321228,23.153622685185184,0.0
4538,3.700439718141092,30.232430555555556,0.0
4577,13.317085634704625,10.464895833333333,0.38189503200405583
4581,13.284375898884463,21.47797453703704,0.4688244588856234
4585,13.472790247421962,16.579270833333332,0.39324480283152163
4582,2.0931094043914817,28.082858796296296,0.0
4592,0.11547721741993588,10.345520833333333,0.0
4735,5.626925793824848,12.17707175925926,0.0
4712,1.2556047416890603,20.325081018518517,0.0
4669,2.083107827316902,27.39902777777778,0.0
4765,0.7078192485066896,0.11140046296296297,0.0
4673,5.917869610609571,26.063877314814814,0.0
4693,1.5977612935538963,23.172847222222224,0.0
4731,1.159198594849254,13.21701388888889,0.0
4708,7.9333286900524635,20.383622685185184,0.0
4658,2.3171851391756015,30.120104166666668,0.0
4757,0.5688428353578793,7.591539351851852,0.0
4748,1.731426069834833,11.12792824074074,0.0
4697,2.7188182474559466,23.136793981481482,0.0
4724,0.18057224564182084,16.06724537037037,0.0
4879,12.234722645134429,9.124606481481482,0.0
4862,2.269094832950502,20.05377314814815,0.0
4820,13.32743800096278,0.10427083333333333,0.6852805631816165
4812,2.9036810391326284,30.57695601851852,0.0
4818,9.85989604164867,23.09605324074074,0.3932499689183851
4831,3.048157220014394,24.05877314814815,0.0
4813,2.7690664373332305,30.57696759259259,0.0
5014,13.015836067400425,8.39037037037037,0.0
4978,9.49409586887721,8.365358796296297,0.4206465887956182
4981,2.4982508675278257,23.25695601851852,0.0
4968,14.119041076220341,18.030821759259258,0.43433353908148514
4989,1.8972609668204516,20.391956018518517,0.0
5039,0.7059390735371063,7.038622685185185,0.5297609097219181
4998,13.131037014556094,14.137546296296296,0.41556719346277166
5036,11.511436657998255,2.2665277777777777,0.39723464534776637
5025,0.35989594508638295,9.104131944444445,0.0
5021,11.851169921506248,7.354768518518519,0.0
5206,2.616671360448495,3.1302199074074073,0.0
5212,2.014815850506213,3.1127430555555557,0.0
5180,7.5542051051556545,15.24130787037037,0.0
5177,4.387730153283109,15.359618055555556,0.0
5220,0.7935491225325736,0.006122685185185185,0.0
5169,13.128381050650573,10.981435185185186,0.0
5170,13.482289074591675,9.098252314814815,0.5697013384356309
5147,8.504089017027725,23.2678125,0.0
5159,10.646933660137398,22.189375,0.5928553488391156
5391,11.468232748244915,8.096990740740742,0.0
5410,2.298053319313739,27.364432870370372,0.0
5405,3.566815154010897,27.633252314814815,0.0
5428,4.936712316599657,13.480416666666667,0.0
5447,3.798741791752896,30.542094907407407,0.0
5462,2.5233498083907104,19.403506944444445,0.0
5465,5.140914958399071,19.37533564814815,0.0
5511,10.365757412462148,4.331631944444444,0.35949292883036377
5513,7.191246433804781,3.178773148148148,0.0
5515,3.9321223575267186,3.252291666666667,0.0
5454,2.3924030413732726,27.122465277777778,0.0
5477,2.318621980551342,12.346168981481481,0.0
5637,13.749725104080799,6.520694444444445,0.0
5647,2.3968901525685844,30.90269675925926,0.0
5641,3.378913518656204,30.909108796296298,0.0
5663,9.466308535345627,15.136354166666667,0.0
5671,1.6400038642791182,0.36494212962962963,0.0
5726,3.413657379563177,16.524583333333332,0.0
5696,11.307376559999419,0.5649884259259259,0.5632141275556897
5693,10.871256616741414,0.5565856481481481,0.7094651972451973
5783,3.6763118297302424,5.07363425925926,0.0
5702,1.6518148826649088,26.0903125,0.0
5753,9.2945673221577,0.5619560185185185,0.36053992489046566
5792,3.691424878591236,3.0007060185185184,0.0
5721,13.558111747645007,9.179965277777777,0.0
5711,1.0142163064321448,24.315231481481483,0.0
5798,5.309248960816616,1.056886574074074,0.0
6019,8.615761587738708,9.206111111111111,0.0
6022,14.799937580178646,4.584895833333333,0.0
6017,11.149891362502066,3.2950925925925927,0.0
6059,5.968390927364555,5.1764930555555555,0.43997275410638703
6021,12.881736325046589,1.177337962962963,0.0
6024,13.082237765257892,16.209652777777777,0.5018962735422374
6030,12.559621670300736,6.588680555555555,0.4599860443984865
6084,1.99397621237223,3.2254513888888887,0.0
6048,3.223123829614553,9.205798611111112,0.0
6025,1.2834075770054483,20.463148148148147,0.0
6291,11.467075774161613,2.141087962962963,0.7003345383289804
6285,11.786200480260058,8.342893518518519,0.534932312602856
6305,0.5647897348056867,5.558877314814815,0.0
6313,2.240140083497424,3.191261574074074,0.0
6389,13.077088302976446,23.18320601851852,0.0
6431,0.9385994553358568,9.54412037037037,0.0
6433,9.268707128742783,5.330914351851852,0.0
6410,6.9136872870472565,20.47460648148148,0.0
6404,4.261781522523712,20.599166666666665,0.0
6403,13.731796665376075,5.35931712962963,0.6584646099508322
6426,6.641766591931381,9.487916666666667,0.0
6395,11.964916951009172,9.484143518518518,0.5069391604660503
6397,2.5400445567840295,27.58244212962963,2.777624827480144
6401,12.590869816231951,5.341423611111111,0.5714408031610395
6494,13.27656457385316,8.364756944444444,0.0
6505,14.184571909176432,4.604050925925926,0.0
6501,14.64390733432723,1.2900462962962962,0.4493371411094417
6569,1.4279948486542402,7.43136574074074,0.0
6549,1.925999418556223,18.089039351851852,0.0
6579,3.3832952599526664,4.085474537037037,0.39212954288729457
6543,13.645568373727643,17.189652777777777,0.39012109892492003
6540,13.735788697896538,18.093298611111113,0.0
6563,10.546267484246982,9.376597222222221,0.0
6562,11.001376216845722,8.013148148148149,0.36896620989229795
6545,0.41345782317652824,18.26306712962963,0.0
6541,0.4329594072761063,26.426886574074075,0.0
6554,11.378367041710707,6.292199074074074,0.0
6620,9.717354082845334,4.028159722222222,0.0
6677,9.632981043385362,2.324050925925926,0.5904582861714546
6643,7.826919193503439,0.008402777777777778,0.7794980137982835
6684,4.738128751540957,6.205127314814815,0.0
6653,0.5665625416196802,28.308032407407406,0.0
6672,2.7242577822308425,8.352824074074075,0.0
6851,0.9132883668066691,29.91847222222222,0.0
6854,10.9149456551803,0.9780208333333333,0.949236174267974
6853,11.766018105241299,1.0242361111111111,0.3842720446562994
6883,0.07038932789139801,29.398923611111112,0.0
6885,9.843898103301289,7.182002314814815,0.3762038666502068
6960,11.995661170366162,16.370775462962964,0.0
6969,14.869921516017135,7.353726851851852,0.0
6971,14.586293475629935,8.53824074074074,0.0
7004,4.3539869524683885,20.650648148148147,0.0
6993,2.47646361530592,28.514409722222222,0.0
7018,13.27073254375171,0.06409722222222222,1.0124071894125066
7071,3.5770976197941247,26.42480324074074,0.0
7072,2.5183568001478087,26.423935185185186,0.0
7106,1.3219280948873624,10.358310185185186,0.0
7091,3.76022094646651,24.501631944444444,0.0
7087,13.942438036675144,2.3944560185185186,0.5725681203889893
7232,6.19541290763859,7.223900462962963,0.0
7258,10.652756499137947,2.6583564814814813,0.5910205304251708
7244,1.8386040533681207,14.136076388888888,0.6797556955532963
7233,9.666709601500251,11.127951388888889,0.0
7438,11.176287436682962,23.364340277777778,0.8061997119591771
7431,10.868386882085348,10.932893518518519,0.0
7575,2.9961566604318266,5.181840277777778,0.0
7588,1.222392421336448,2.272789351851852,0.0
7455,14.827638769079353,1.9991319444444444,0.0
7627,1.7358105138226056,0.26957175925925925,0.0
7630,3.5078802905190205,0.25049768518518517,0.0
7473,9.60118830691965,14.903506944444445,0.0
7533,3.5098756638648965,11.245023148148148,0.0
7561,3.043291212054118,5.355787037037037,0.8077091987346953
7619,1.9289490098328304,0.2757060185185185,0.0
7463,5.10859523096172,19.02804398148148,0.0
7546,9.841390096932289,2.252511574074074,0.0
7492,5.790076930625769,18.395960648148147,0.0
7436,9.648554209630587,19.06826388888889,0.822788010825216
7606,2.423748017016246,0.4995486111111111,0.0
7502,2.0987339535853593,18.19119212962963,0.0
7509,5.594449022452879,18.149305555555557,0.0
7596,2.4376555418091725,2.008796296296296,0.0
7547,7.212536915458757,10.302662037037036,0.0
7595,3.504620392403553,2.0102777777777776,0.0
7823,9.512621965841003,1.0517824074074074,0.5891286607455577
7822,12.348493098628326,1.0535300925925926,0.5891307617385892
7867,1.4950320040179583,16.023622685185185,0.0
7861,11.440110001425152,16.03886574074074,0.4174955066896839
7889,0.8132195683486577,24.124479166666667,0.0
7945,14.120777601827065,0.6921643518518519,0.6119387052755094
7949,9.716947368134084,24.256689814814816,0.0
7953,1.6045966985776254,13.684409722222222,0.0
8036,6.655531528200969,14.580891203703704,0.0
8020,7.871704882258337,26.283171296296295,0.0
8015,3.3059658548937576,28.10597222222222,0.0
8019,12.4362517356035,24.25576388888889,0.0
8045,8.868905033658809,4.24087962962963,0.0
8047,3.546395052862234,5.115833333333334,0.0
8184,9.208980859729113,18.641712962962963,0.0
8177,9.864338531612612,15.658472222222223,0.0
8142,9.467313929830006,7.93712962962963,0.0
8205,2.4527249568721734,20.20422453703704,0.0
8155,2.0935177213641056,28.471342592592592,0.0
8215,9.139922159596859,11.385289351851851,0.0
8272,11.473249128301823,26.24488425925926,0.0
8289,3.4766988203213978,27.034212962962965,0.0
